

state={
	id=414
	name="Nazonotairku" 
	manpower = 12060
	
	state_category = wasteland
	resources={
		chromium=0
		aluminium=0
		steel=0
		tungsten=0
		rubber=0
		oil=0
	}
	history={
		owner = ZZZ
		add_core_of = ZZZ
	}
	provinces={
	 3577 3841 3422 4722 4452 4534 3861 4436 2455 4108 4609 4677 3987 4273 2420 1742 3919 4422 3864 4065 4242 4843 4434 4957 3714 4620 4145 3634 4611 4659 4225 4124 4205 4012 4277 4463 4540 4699 3772 4559 4800 4418 5181 3966 4808 4064 4816 3163 6268 6269 6270 6271 6272 6273 6274 6275 6276 6277 6278 6281 6283 6286 8688 6290 6288 6292 6291 6293
	}
}
